# Stellar radii, masses, and surface gravities from detailed asteroseismic analysis
#
# Columns (the ones left out contain the uncertainties on the previous parameter):
# 0 - KIC ID
# 1 - Radius (solar units)
# 3 - Mass (solar units)
# 5 - Surface gravity (log10(g/cm^3))
#################################################################################
 1435467	1.699e+00	2.379e-02	1.350e+00	4.038e-02	4.109e+00	8.965e-03
 2837475	1.623e+00	2.283e-02	1.382e+00	4.500e-02	4.159e+00	1.184e-02
 3425851	1.365e+00	1.961e-02	1.212e+00	4.870e-02	4.251e+00	1.015e-02
 3427720	1.122e+00	1.064e-02	1.121e+00	1.984e-02	4.388e+00	4.159e-03
 3456181	2.105e+00	3.298e-02	1.493e+00	3.554e-02	3.966e+00	1.168e-02
 3544595	9.172e-01	7.951e-03	8.998e-01	1.535e-02	4.470e+00	4.677e-03
 3632418	1.902e+00	2.189e-02	1.401e+00	2.477e-02	4.027e+00	6.398e-03
 3656476	1.307e+00	9.792e-03	1.062e+00	1.950e-02	4.232e+00	3.676e-03
 3735871	1.106e+00	1.223e-02	1.119e+00	2.453e-02	4.402e+00	4.694e-03
 4141376	1.044e+00	1.188e-02	1.030e+00	2.411e-02	4.416e+00	5.741e-03
 4143755	1.421e+00	1.056e-02	9.314e-01	1.596e-02	4.100e+00	3.677e-03
 4349452	1.308e+00	1.967e-02	1.191e+00	4.239e-02	4.280e+00	9.119e-03
 4914423	1.466e+00	1.107e-02	1.140e+00	3.488e-02	4.162e+00	5.049e-03
 4914923	1.376e+00	1.675e-02	1.090e+00	3.963e-02	4.201e+00	8.386e-03
 5094751	1.353e+00	2.325e-02	1.101e+00	5.056e-02	4.217e+00	1.079e-02
 5184732	1.331e+00	7.969e-03	1.180e+00	2.462e-02	4.263e+00	3.127e-03
 5773345	2.039e+00	2.122e-02	1.548e+00	3.908e-02	4.012e+00	9.070e-03
 5866724	1.417e+00	2.039e-02	1.258e+00	4.554e-02	4.236e+00	9.126e-03
 5950854	1.243e+00	1.295e-02	9.799e-01	2.122e-02	4.243e+00	4.854e-03
 6106415	1.241e+00	1.124e-02	1.129e+00	1.953e-02	4.303e+00	4.814e-03
 6116048	1.238e+00	1.228e-02	1.050e+00	2.486e-02	4.276e+00	4.788e-03
 6196457	1.756e+00	4.364e-02	1.363e+00	1.088e-01	4.078e+00	1.529e-02
 6225718	1.238e+00	1.344e-02	1.170e+00	2.053e-02	4.321e+00	5.157e-03
 6278762	7.485e-01	5.601e-03	7.401e-01	1.551e-02	4.562e+00	3.318e-03
 6508366	2.173e+00	2.940e-02	1.520e+00	3.324e-02	3.947e+00	7.719e-03
 6521045	1.532e+00	1.613e-02	1.159e+00	1.942e-02	4.132e+00	6.751e-03
 6603624	1.155e+00	5.743e-03	1.031e+00	1.500e-02	4.325e+00	3.063e-03
 6679371	2.230e+00	2.926e-02	1.561e+00	3.931e-02	3.936e+00	9.251e-03
 6933899	1.590e+00	1.093e-02	1.138e+00	2.044e-02	4.091e+00	4.903e-03
 7103006	1.941e+00	2.736e-02	1.451e+00	4.219e-02	4.024e+00	9.794e-03
 7106245	1.107e+00	1.158e-02	9.411e-01	2.085e-02	4.324e+00	4.915e-03
 7206837	1.567e+00	2.074e-02	1.311e+00	3.922e-02	4.166e+00	8.205e-03
 7296438	1.384e+00	1.095e-02	1.130e+00	1.492e-02	4.209e+00	4.506e-03
 7510397	1.858e+00	2.093e-02	1.378e+00	2.481e-02	4.038e+00	5.884e-03
 7670943	1.421e+00	2.373e-02	1.250e+00	5.200e-02	4.229e+00	1.046e-02
 7680114	1.409e+00	1.428e-02	1.102e+00	2.037e-02	4.183e+00	5.140e-03
 7771282	1.645e+00	2.542e-02	1.327e+00	6.340e-02	4.129e+00	1.550e-02
 7871531	8.784e-01	6.422e-03	8.508e-01	1.581e-02	4.483e+00	3.700e-03
 7940546	1.942e+00	2.401e-02	1.412e+00	2.390e-02	4.011e+00	5.737e-03
 7970740	7.738e-01	4.683e-03	7.703e-01	1.061e-02	4.546e+00	3.099e-03
 8006161	9.242e-01	5.949e-03	9.693e-01	1.071e-02	4.492e+00	3.504e-03
 8077137	1.666e+00	2.414e-02	1.194e+00	4.615e-02	4.076e+00	1.065e-02
 8150065	1.402e+00	2.046e-02	1.188e+00	4.937e-02	4.221e+00	7.386e-03
 8179536	1.342e+00	2.003e-02	1.212e+00	4.481e-02	4.264e+00	9.749e-03
 8228742	1.865e+00	2.243e-02	1.379e+00	2.046e-02	4.036e+00	6.179e-03
 8292840	1.350e+00	2.082e-02	1.203e+00	5.000e-02	4.256e+00	1.071e-02
 8349582	1.434e+00	1.349e-02	1.101e+00	2.051e-02	4.167e+00	5.408e-03
 8379927	1.143e+00	9.949e-03	1.181e+00	1.497e-02	4.395e+00	4.507e-03
 8394589	1.172e+00	1.544e-02	1.061e+00	2.564e-02	4.327e+00	6.571e-03
 8424992	1.050e+00	1.038e-02	9.196e-01	2.418e-02	4.362e+00	4.654e-03
 8478994	7.755e-01	7.088e-03	8.215e-01	2.106e-02	4.573e+00	4.241e-03
 8494142	1.878e+00	3.210e-02	1.416e+00	6.990e-02	4.040e+00	1.055e-02
 8554498	1.802e+00	4.309e-02	1.233e+00	8.539e-02	4.018e+00	1.007e-02
 8694723	1.510e+00	1.949e-02	1.070e+00	3.122e-02	4.107e+00	8.311e-03
 8760414	1.027e+00	5.946e-03	8.293e-01	1.496e-02	4.333e+00	3.643e-03
 8866102	1.353e+00	1.968e-02	1.208e+00	4.059e-02	4.256e+00	9.299e-03
 8938364	1.354e+00	1.299e-02	9.893e-01	1.448e-02	4.174e+00	4.034e-03
 9025370	1.015e+00	8.465e-03	1.009e+00	2.042e-02	4.431e+00	4.201e-03
 9098294	1.144e+00	1.082e-02	9.705e-01	1.511e-02	4.311e+00	4.403e-03
 9139151	1.154e+00	1.173e-02	1.159e+00	1.944e-02	4.378e+00	5.169e-03
 9139163	1.557e+00	1.505e-02	1.389e+00	2.923e-02	4.196e+00	8.491e-03
 9206432	1.505e+00	1.955e-02	1.370e+00	5.051e-02	4.220e+00	1.112e-02
 9353712	2.177e+00	2.436e-02	1.520e+00	2.667e-02	3.946e+00	6.862e-03
 9410862	1.165e+00	1.546e-02	9.976e-01	3.957e-02	4.305e+00	7.895e-03
 9414417	1.910e+00	2.213e-02	1.402e+00	2.889e-02	4.021e+00	6.575e-03
 9592705	2.135e+00	2.450e-02	1.538e+00	3.616e-02	3.968e+00	7.342e-03
 9812850	1.792e+00	4.276e-02	1.335e+00	8.542e-02	4.058e+00	1.091e-02
 9955598	8.878e-01	6.317e-03	8.992e-01	1.467e-02	4.497e+00	3.087e-03
 9965715	1.297e+00	2.593e-02	1.100e+00	6.140e-02	4.255e+00	9.834e-03
10068307	2.089e+00	2.700e-02	1.482e+00	2.891e-02	3.969e+00	5.746e-03
10079226	1.150e+00	1.408e-02	1.120e+00	3.153e-02	4.368e+00	6.452e-03
10162436	2.040e+00	2.394e-02	1.461e+00	2.409e-02	3.983e+00	5.951e-03
10454113	1.255e+00	1.345e-02	1.211e+00	2.569e-02	4.322e+00	5.880e-03
10514430	1.600e+00	1.315e-02	1.080e+00	2.135e-02	4.064e+00	3.578e-03
10516096	1.410e+00	1.624e-02	1.089e+00	2.559e-02	4.177e+00	6.749e-03
10586004	1.629e+00	1.904e-02	1.121e+00	3.668e-02	4.062e+00	5.764e-03
10644253	1.121e+00	1.107e-02	1.171e+00	2.577e-02	4.407e+00	4.653e-03
10666592	1.966e+00	2.889e-02	1.513e+00	5.113e-02	4.029e+00	1.260e-02
10730618	1.761e+00	4.726e-02	1.331e+00	1.043e-01	4.069e+00	1.648e-02
10963065	1.233e+00	1.422e-02	1.089e+00	2.611e-02	4.295e+00	5.628e-03
11081729	1.427e+00	2.029e-02	1.331e+00	5.200e-02	4.252e+00	1.029e-02
11133306	1.195e+00	1.564e-02	1.082e+00	3.926e-02	4.317e+00	7.016e-03
11253226	1.599e+00	1.973e-02	1.379e+00	3.660e-02	4.172e+00	9.594e-03
11295426	1.236e+00	1.083e-02	1.071e+00	1.940e-02	4.283e+00	4.535e-03
11401755	1.650e+00	1.853e-02	1.162e+00	2.919e-02	4.071e+00	1.034e-02
11772920	8.509e-01	5.551e-03	8.394e-01	1.015e-02	4.504e+00	3.481e-03
11807274	1.581e+00	2.877e-02	1.240e+00	5.912e-02	4.133e+00	1.236e-02
11853905	1.580e+00	2.089e-02	1.172e+00	3.934e-02	4.111e+00	7.984e-03
11904151	1.084e+00	7.577e-03	9.705e-01	1.569e-02	4.355e+00	3.670e-03
12009504	1.411e+00	1.532e-02	1.202e+00	2.917e-02	4.218e+00	6.787e-03
12069127	2.300e+00	2.772e-02	1.589e+00	3.667e-02	3.918e+00	8.030e-03
12069424	1.212e+00	5.582e-03	1.041e+00	1.571e-02	4.291e+00	2.940e-03
12069449	1.104e+00	6.109e-03	1.010e+00	1.018e-02	4.357e+00	3.456e-03
12258514	1.607e+00	1.498e-02	1.270e+00	2.011e-02	4.129e+00	4.770e-03
12317678	1.829e+00	2.119e-02	1.348e+00	2.633e-02	4.047e+00	7.531e-03
