# Observational parameters
#
# Columns (the ones left out contain the uncertainties on the previous parameter):
# 0 - KIC ID
# 1 - Effective temperature (K)
# 3 - Metallicity ([Fe/H])
# 5 - Large frequency separation (dnu) (microHz)
# 7 - Frequency of maximum power (nu_max) (microHz)
# 9 - Angular diameter (arcseconds)
############################################################################################
 1435467	6382	 80	 0.01	0.10	 70.331	0.219	1405.99	  8.07	1.15e-01	3.63e-03
 2837475	6675	 81	 0.01	0.10	 75.759	0.197	1560.83	  9.69	1.27e-01	5.46e-03
 3425851	6469	 80	-0.04	0.10	 92.600	1.500	2038.00	 60.00	5.21e-02	1.30e-03
 3427720	6037	 79	-0.06	0.10	119.866	0.183	2729.47	 14.99	1.14e-01	5.45e-03
 3456181	6626	134	-0.15	0.10	 52.046	0.234	 971.39	  7.72	8.00e-02	2.23e-03
 3544595	5676	 70	-0.20	0.10	145.770	0.450	3366.00	 81.00	9.02e-02	1.85e-03
 3632418	6221	 73	-0.12	0.10	 60.860	0.550	1153.00	 32.00	1.65e-01	4.77e-03
 3656476	5790	 72	 0.25	0.10	 93.094	0.203	1926.27	  7.50	1.05e-01	2.39e-03
 3735871	6270	 81	-0.04	0.10	122.839	0.178	2862.09	 28.14	8.21e-02	3.12e-03
 4141376	6301	 73	-0.19	0.10	128.800	1.300	2928.00	 97.00	4.44e-02	9.37e-04
 4143755	5940	127	-0.40	0.11	 77.200	1.300	1458.00	 57.00	3.43e-02	1.68e-03
 4349452	6303	 81	 0.01	0.09	 98.270	0.570	2106.00	 50.00	5.11e-02	1.49e-03
 4914423	6076	135	 0.09	0.10	 81.500	1.600	1663.00	 56.00	2.76e-02	6.23e-04
 4914923	5818	 72	 0.08	0.10	 88.458	0.199	1812.70	  6.29	1.09e-01	2.45e-03
 5094751	6049	 87	-0.08	0.10	 91.100	2.300	1745.00	117.00	2.61e-02	7.53e-04
 5184732	5843	 74	 0.36	0.10	 95.496	0.178	2091.55	  5.40	1.81e-01	6.63e-03
 5773345	6311	 90	 0.21	0.09	 57.147	0.223	1102.09	  6.84	1.03e-01	4.03e-03
 5866724	6302	 83	 0.14	0.10	 89.560	0.480	1880.00	 60.00	4.40e-02	1.14e-03
 5950854	5987	 80	-0.23	0.10	 96.568	0.231	1923.94	 25.80	5.17e-02	2.12e-03
 6106415	6084	 72	-0.04	0.10	104.103	0.182	2257.17	  4.87	2.78e-01	7.91e-03
 6116048	6034	 70	-0.23	0.10	100.801	0.192	2138.41	  5.37	1.54e-01	3.49e-03
 6196457	6266	 92	 0.17	0.11	 66.600	1.100	1299.00	 53.00	3.33e-02	1.69e-03
 6225718	6334	 72	-0.07	0.10	105.664	0.171	2369.41	  5.10	2.22e-01	5.31e-03
 6278762	5062	 71	-0.37	0.09	179.640	0.760	4538.00	144.00	2.09e-01	5.61e-03
 6508366	6381	 85	-0.05	0.10	 51.370	0.229	 964.59	  5.18	1.12e-01	5.32e-03
 6521045	6219	 87	 0.11	0.10	 77.000	1.100	1502.00	 31.00	4.52e-02	1.86e-03
 6603624	5628	 72	 0.28	0.10	110.140	0.193	2379.90	  6.45	1.32e-01	3.99e-03
 6679371	6454	 76	 0.01	0.10	 50.825	0.232	 942.19	  5.69	1.21e-01	4.65e-03
 6933899	5793	 79	-0.01	0.10	 72.106	0.220	1388.09	  4.03	9.80e-02	4.74e-03
 7103006	6427	 76	 0.02	0.10	 59.528	0.218	1172.96	  7.89	1.15e-01	3.92e-03
 7106245	6077	 76	-0.99	0.19	111.362	0.243	2393.45	 29.40	5.45e-02	1.41e-03
 7206837	6271	 71	 0.10	0.10	 79.029	0.204	1649.23	 12.05	7.74e-02	1.70e-03
 7296438	5902	 73	 0.19	0.10	 88.472	0.205	1845.16	 11.58	7.78e-02	1.81e-03
 7510397	6160	 77	-0.21	0.10	 62.214	0.228	1188.06	  4.27	2.01e-01	8.65e-03
 7670943	6360	 79	 0.09	0.11	 88.600	1.300	1895.00	 73.00	4.49e-02	1.65e-03
 7680114	5899	 72	 0.05	0.10	 85.104	0.208	1711.26	  7.58	7.69e-02	1.91e-03
 7771282	6587	163	-0.02	0.10	 72.440	0.218	1472.23	 28.00	4.93e-02	1.65e-03
 7871531	5309	 71	-0.26	0.10	151.277	0.178	3448.18	 27.04	1.40e-01	3.57e-03
 7940546	6264	 76	-0.20	0.10	 58.762	0.226	1108.57	  4.23	2.37e-01	9.76e-03
 7970740	5364	 73	-0.54	0.10	173.624	0.162	4197.49	 22.74	2.70e-01	8.75e-03
 8006161	5369	 71	 0.34	0.10	149.489	0.154	3582.68	 12.24	3.24e-01	8.61e-03
 8077137	6156	 95	-0.09	0.10	 68.800	0.640	1324.00	 39.00	3.93e-02	2.53e-03
 8150065	6163	 74	-0.13	0.15	 88.869	0.243	1881.92	 43.08	5.18e-02	1.31e-03
 8179536	6350	 78	-0.03	0.10	 95.023	0.184	2075.93	 14.48	8.90e-02	3.46e-03
 8228742	6174	 79	-0.08	0.10	 62.064	0.225	1190.50	  3.83	9.74e-02	2.84e-03
 8292840	6532	 75	-0.14	0.10	 92.850	0.350	1983.00	 37.00	5.32e-02	1.40e-03
 8349582	5647	 81	 0.31	0.10	 83.600	1.400	1677.00	 90.00	2.94e-02	8.52e-04
 8379927	5949	 70	-0.10	0.15	120.270	0.167	2799.73	  6.83	3.09e-01	7.34e-03
 8394589	6155	 78	-0.29	0.10	109.326	0.184	2397.48	 10.87	9.22e-02	2.27e-03
 8424992	5842	 73	-0.12	0.10	120.761	0.273	2529.17	 35.03	7.18e-02	2.17e-03
 8478994	5426	 73	-0.24	0.10	178.700	1.400	4660.00	 50.00	1.14e-01	3.58e-03
 8494142	6148	139	 0.13	0.10	 61.800	0.760	1133.00	 81.00	3.06e-02	6.85e-04
 8554498	5843	 81	 0.05	0.10	 61.980	0.960	1153.00	 76.00	3.83e-02	1.11e-03
 8694723	6348	 75	-0.42	0.10	 75.179	0.211	1474.17	  4.72	1.19e-01	3.06e-03
 8760414	6010	 75	-0.92	0.10	117.273	0.188	2470.10	 10.28	9.74e-02	2.87e-03
 8866102	6155	 73	-0.02	0.10	 94.500	0.600	2014.00	 32.00	9.62e-02	2.66e-03
 8938364	5770	 73	-0.13	0.10	 85.603	0.221	1677.25	  6.43	7.94e-02	2.28e-03
 9025370	5718	 79	-0.12	0.18	132.501	0.202	2989.33	 20.78	1.45e-01	7.05e-03
 9098294	5873	 74	-0.18	0.10	108.875	0.202	2310.91	 10.17	8.91e-02	2.13e-03
 9139151	6130	 78	 0.10	0.10	117.142	0.185	2686.11	 12.64	1.05e-01	4.69e-03
 9139163	6506	 77	 0.15	0.09	 81.039	0.187	1724.43	  6.59	1.43e-01	5.84e-03
 9206432	6585	 89	 0.16	0.10	 84.691	0.184	1864.10	 14.59	9.76e-02	6.77e-03
 9353712	6270	 87	-0.05	0.10	 51.479	0.241	 932.86	 11.51	4.84e-02	1.67e-03
 9410862	5985	 73	-0.31	0.10	107.462	0.199	2282.69	 26.86	5.51e-02	1.43e-03
 9414417	6352	 75	-0.13	0.10	 60.050	0.270	1115.00	 32.00	8.39e-02	2.21e-03
 9592705	6252	 82	 0.21	0.10	 53.540	0.320	1008.00	 21.00	4.61e-02	1.21e-03
 9812850	6362	 84	-0.07	0.10	 64.649	0.217	1253.23	  8.04	8.86e-02	4.84e-03
 9955598	5370	 71	 0.05	0.10	153.180	0.140	3546.00	119.00	1.24e-01	3.24e-03
 9965715	5879	 73	-0.44	0.18	 97.247	0.188	2078.85	 10.25	1.12e-01	2.86e-03
10068307	6172	 79	-0.23	0.10	 53.952	0.233	 995.61	  2.94	1.69e-01	8.17e-03
10079226	5901	 71	 0.11	0.10	116.482	0.178	2657.20	 50.31	7.47e-02	1.65e-03
10162436	6222	 72	-0.16	0.10	 55.818	0.226	1051.20	  4.11	1.36e-01	3.21e-03
10454113	6066	 79	-0.07	0.10	105.129	0.170	2358.89	  9.76	1.40e-01	6.63e-03
10514430	5521	 76	-0.07	0.10	 70.000	1.000	1303.00	 30.00	6.85e-02	1.61e-03
10516096	6056	 76	-0.11	0.10	 84.325	0.213	1689.17	  5.78	9.72e-02	2.63e-03
10586004	5743	 72	 0.31	0.10	 69.200	1.400	1395.00	 40.00	3.78e-02	8.91e-04
10644253	6057	 72	 0.06	0.10	122.784	0.185	2900.86	 26.74	1.10e-01	2.90e-03
10666592	6581	100	 0.12	0.10	 59.220	0.590	1115.00	110.00	5.41e-02	2.65e-03
10730618	6457	 84	-0.11	0.18	 66.182	0.221	1284.54	 15.72	5.48e-02	1.81e-03
10963065	6100	 71	-0.19	0.10	103.200	0.630	2193.00	 48.00	1.30e-01	2.89e-03
11081729	6640	 82	 0.11	0.10	 90.153	0.188	1968.84	 13.92	9.92e-02	2.27e-03
11133306	5958	 81	-0.01	0.10	107.900	1.900	2381.00	 95.00	3.30e-02	9.58e-04
11253226	6702	 79	-0.08	0.10	 77.154	0.193	1592.53	  9.91	1.26e-01	6.06e-03
11295426	5899	 83	 0.06	0.10	101.570	0.100	2154.00	 13.00	7.91e-02	3.43e-03
11401755	6497	 96	-0.20	0.06	 67.900	1.200	1250.00	 44.00	2.73e-02	1.83e-03
11772920	5358	 73	-0.09	0.18	157.786	0.193	3683.38	 51.24	1.12e-01	3.46e-03
11807274	6194	 76	-0.00	0.08	 75.710	0.310	1496.00	 56.00	5.86e-02	1.91e-03
11853905	5858	 81	 0.17	0.10	 74.400	1.100	1436.00	 42.00	2.90e-02	8.40e-04
11904151	5765	 81	-0.11	0.10	118.200	0.200	2730.00	280.00	5.27e-02	1.53e-03
12009504	6219	 75	-0.08	0.10	 88.151	0.192	1868.72	  7.45	9.77e-02	2.46e-03
12069127	6339	 82	 0.08	0.10	 48.330	0.242	 885.54	 10.54	5.09e-02	1.78e-03
12069424	5790	 82	 0.10	0.03	103.266	0.190	2196.52	  4.69	5.37e-01	1.61e-02
12069449	5834	 71	 0.05	0.02	116.938	0.184	2558.38	  5.93	4.93e-01	1.37e-02
12258514	6030	 75	-0.00	0.10	 74.783	0.210	1514.01	  3.20	1.85e-01	6.96e-03
12317678	6464	 77	-0.28	0.10	 63.657	0.231	1201.93	  6.50	1.18e-01	4.84e-03
